sizeLevels: 30
00001100100 100
00011001000 200
00100101100 300
00110010000 400
00111110100 500
01001011000 600
01010111100 700
01100100000 800
01110000100 900
01111101000 1000
10001001100 1100
10010110000 1200
10100010100 1300
10101111000 1400
10111011100 1500
11001000000 1600
01001101000 17000
11001010000 18000
01000111000 19000
11000100000 20000
01000001000 21000
10111110000 22000
00111011000 23000
10111000000 24000
00110101000 25000
10110010000 26000
00101111000 27000
10101100000 28000
00101001000 29000
10100110000 30000
00100011000 31000
10100000000 32000
00011101000 33000
10011010000 34000
00010111000 35000
10010100000 36000
00010001000 37000
10001110000 38000
00001011000 39000
10001000000 40000
00000101000 41000
10000010000 42000
11111111000 43000
01111100000 44000
11111001000 45000
01110110000 46000
11110011000 47000
01110000000 48000
11101101000 49000
01101010000 50000
11100111000 51000
01100100000 52000
11100001000 53000
01011110000 54000
11011011000 55000
01011000000 56000
11010101000 57000
01010010000 58000
11001111000 59000
01001100000 60000
11001001000 61000
01000110000 62000
11000011000 63000
01000000000 64000

10 01001 01001 01000 01000 00111 00111
11010110001100010110101101010010
01000001111011110111001110011010
01110011100101001010001100011000
10110101011010110100101001001110
01110011100011000101111011110110
11001110011011110111101011010110
00000000000000001111011101111011